5 1 2 
3
36
1 1 4 2 (2,2) (1,3)
1 28 4 2 (2,2) (1,3)
1 23 4 2 (2,2) (1,3)
1 5 4 2 (2,2) (1,3)
1 18 4 2 (2,2) (1,3)
1 13 4 2 (1,2) (7,3)
1 9 4 2 (2,2) (1,3)
2 2 1 1 (2,1)
2 7 5 0
2 15 5 0
2 10 1 1 (2,1)
2 19 1 1 (2,1)
2 20 1 1 (2,1)
2 25 5 0
3 29 1 1 (2,1)
3 30 1 1 (2,1)
3 3 5 0
3 11 5 0
4 21 5 0
4 4 6 0
4 12 6 0
4 22 6 1  (1,2)
6 26 8 2 (2,2) (1,3)
6 27 8 2 (2,2) (1,3)
6 8 8 2 (2,2) (1,3)
6 16 8 2 (2,2) (1,3)
6 17 8 2 (2,2) (1,3)
13 6 5 0
13 14 5 0
13 24 5 0
14 31 30 2 (1,2) (1,5)
14 32 2 2 (1,2) (1,5)
15 33 9 2 (1,2) (1,5)
20 34 80 2 (1,2) (1,5)
25 35 10 2 (1,2) (1,5)
26 36 20 2 (1,2) (1,5)


